1.000000e+000 0.000000e+000 0.000000e+000 0.000000e+000 0.000000e+000 
6.584359e-001 3.415641e-001 0.000000e+000 0.000000e+000 0.000000e+000 
0.000000e+000 7.969878e-001 2.030122e-001 0.000000e+000 0.000000e+000 
0.000000e+000 0.000000e+000 8.772473e-001 1.227527e-001 0.000000e+000 
0.000000e+000 0.000000e+000 0.000000e+000 9.408896e-001 5.911040e-002 
0.000000e+000 0.000000e+000 0.000000e+000 0.000000e+000 1.000000e+000 

1.000000e-015 1.000000e-015 1.000000e-015 2.000000e-002 1.000000e-015 1.000000e-015 2.621578e-002 1.333333e-002 1.000000e-015 1.588766e-002 2.950212e-002 3.815829e-002 1.934714e-002 5.819232e-002 4.068197e-002 3.610490e-002 1.738761e-002 2.615720e-002 6.812058e-002 4.885405e-002 5.128205e-003 7.587501e-002 6.754172e-002 4.707047e-002 1.000000e-015 3.333333e-002 1.062154e-001 4.428052e-002 2.983176e-002 5.128530e-002 8.149526e-002 1.000000e-015 
1.000000e-015 1.000000e-015 3.554941e-003 3.554941e-003 1.000000e-015 1.000000e-015 1.333333e-002 8.426111e-002 1.000000e-015 2.845852e-002 7.285592e-003 5.310878e-002 1.241514e-002 3.184873e-002 4.044582e-002 3.628910e-002 3.703704e-003 6.187801e-002 5.645847e-002 3.861940e-002 3.089350e-002 3.634762e-002 6.636397e-002 5.745182e-002 1.000000e-015 5.237978e-002 3.923774e-002 9.638479e-002 1.479567e-002 8.421301e-002 4.671650e-002 1.000000e-015 
1.000000e-015 1.000000e-015 1.000000e-015 1.000000e-015 2.448047e-002 1.124404e-002 4.962966e-002 1.563902e-002 1.000000e-015 3.021474e-002 2.993895e-002 6.751821e-002 1.610919e-002 6.322010e-002 5.079305e-002 6.620516e-002 2.540242e-002 1.337338e-002 7.011327e-002 3.065719e-002 1.043245e-002 3.949898e-002 3.208244e-002 4.656389e-002 9.251649e-003 4.956561e-002 5.670127e-002 5.970969e-002 1.187356e-002 4.131987e-002 7.846176e-002 1.000000e-015 
1.662884e-003 1.000000e-015 3.814004e-002 2.900365e-002 1.039640e-003 1.333333e-003 4.013812e-002 2.357825e-002 5.499131e-004 3.466537e-002 3.157407e-002 5.884370e-002 1.359011e-002 4.970009e-002 3.626267e-002 3.078944e-002 1.906627e-002 3.085107e-002 3.708415e-002 4.201140e-002 1.874916e-002 3.796842e-002 3.684515e-002 6.028909e-002 1.493732e-002 5.317624e-002 3.295073e-002 6.336025e-002 4.978318e-002 5.535521e-002 5.670110e-002 1.000000e-015 
3.003602e-003 9.799319e-004 4.586298e-002 4.771169e-002 1.970108e-003 3.476456e-003 6.013068e-002 3.383026e-002 1.704225e-003 3.191373e-002 2.600613e-002 4.531381e-002 2.686239e-002 4.581331e-002 3.295713e-002 4.131172e-002 2.290692e-002 5.379024e-002 4.727286e-002 4.012308e-002 2.667316e-002 3.869097e-002 3.388312e-002 4.240727e-002 1.196050e-002 3.276616e-002 4.561706e-002 4.082741e-002 3.217986e-002 3.232056e-002 4.700339e-002 2.729312e-003 

