1.000000e+000 0.000000e+000 0.000000e+000 0.000000e+000 0.000000e+000 
7.364103e-001 2.635897e-001 0.000000e+000 0.000000e+000 0.000000e+000 
0.000000e+000 7.950665e-001 2.049335e-001 0.000000e+000 0.000000e+000 
0.000000e+000 0.000000e+000 8.410525e-001 1.589475e-001 0.000000e+000 
0.000000e+000 0.000000e+000 0.000000e+000 9.346090e-001 6.539098e-002 
0.000000e+000 0.000000e+000 0.000000e+000 0.000000e+000 1.000000e+000 

1.000000e-015 1.000000e-015 1.000000e-015 1.000000e-015 1.000000e-015 1.000000e-015 6.666667e-003 4.372437e-003 1.000000e-015 3.451470e-002 1.833862e-002 6.760549e-002 2.253943e-002 1.071832e-001 3.122941e-002 5.198166e-002 2.253943e-002 5.854926e-002 5.577793e-002 2.883871e-002 1.244858e-002 3.144523e-002 4.903027e-002 9.149544e-002 1.000000e-015 2.432101e-002 4.569907e-002 9.986088e-002 2.000000e-002 7.069451e-002 4.486801e-002 1.000000e-015 
1.000000e-015 1.000000e-015 1.000000e-015 1.000000e-015 1.000000e-015 1.000000e-015 1.000000e-015 1.000000e-015 2.689936e-003 8.346753e-002 3.223063e-002 8.651286e-002 1.537977e-002 6.930481e-002 3.820861e-002 3.831974e-002 1.000000e-015 5.820923e-002 6.576362e-002 4.315733e-002 4.603434e-002 5.094971e-002 5.454701e-002 6.737452e-002 1.000000e-015 4.821277e-002 4.146855e-002 5.102592e-002 2.026025e-002 3.416912e-002 5.271376e-002 1.000000e-015 
1.000000e-015 1.000000e-015 1.000000e-015 1.000000e-015 1.000000e-015 1.000000e-015 1.000000e-015 2.222222e-002 1.000000e-015 2.543110e-002 3.850080e-002 8.403563e-002 1.000000e-015 6.230162e-002 6.841992e-002 1.798646e-002 4.761905e-003 5.457702e-002 5.672492e-002 6.735768e-002 3.629957e-002 2.817325e-002 4.796900e-002 1.064288e-001 1.000000e-015 6.061715e-002 4.393541e-002 4.800435e-002 2.659088e-002 2.800126e-002 7.166106e-002 1.000000e-015 
1.000000e-015 1.000000e-015 1.797784e-003 1.000000e-015 1.000000e-015 1.763580e-003 1.000000e-015 2.725650e-003 1.000000e-015 2.505206e-002 2.835716e-002 8.036154e-002 1.566456e-002 3.885113e-002 3.938343e-002 4.150221e-002 1.622855e-002 5.295872e-002 8.490333e-002 4.833030e-002 3.817482e-002 5.225390e-002 3.641052e-002 7.856845e-002 1.797784e-003 4.042227e-002 5.514581e-002 7.463882e-002 2.325984e-002 6.667743e-002 5.477034e-002 1.000000e-015 
1.145600e-003 1.248348e-003 1.177930e-003 5.738752e-004 3.322830e-004 2.737390e-004 2.198992e-003 6.310605e-003 5.568087e-002 6.400964e-002 4.609180e-002 4.846012e-002 5.054927e-002 6.031225e-002 4.990719e-002 5.429942e-002 1.414495e-002 4.852164e-002 5.968329e-002 3.298296e-002 3.524881e-002 5.618570e-002 4.101762e-002 5.224391e-002 5.620742e-004 2.456256e-002 5.097043e-002 4.776210e-002 8.871921e-003 4.112829e-002 4.298476e-002 5.570499e-004 

