1.000000e+000 0.000000e+000 0.000000e+000 0.000000e+000 0.000000e+000 
7.795489e-001 2.204511e-001 0.000000e+000 0.000000e+000 0.000000e+000 
0.000000e+000 7.538207e-001 2.461793e-001 0.000000e+000 0.000000e+000 
0.000000e+000 0.000000e+000 8.734207e-001 1.265793e-001 0.000000e+000 
0.000000e+000 0.000000e+000 0.000000e+000 9.400624e-001 5.993765e-002 
0.000000e+000 0.000000e+000 0.000000e+000 0.000000e+000 1.000000e+000 

1.000000e-015 1.000000e-015 1.000000e-015 1.000000e-015 1.000000e-015 1.000000e-015 1.000000e-015 8.333333e-003 1.000000e-015 7.140640e-002 6.474723e-002 4.122368e-002 5.555556e-003 5.215502e-002 7.555967e-002 7.809677e-002 1.666667e-002 4.444289e-002 6.657592e-002 2.015304e-002 2.442607e-002 4.910715e-002 4.276771e-002 5.846199e-002 1.000000e-015 6.083087e-002 4.928571e-002 5.980176e-002 2.211711e-002 4.063962e-002 4.764581e-002 1.000000e-015 
1.000000e-015 1.000000e-015 1.000000e-015 1.000000e-015 1.000000e-015 1.000000e-015 3.333333e-002 1.000000e-015 2.988394e-003 2.063569e-002 3.107109e-002 8.781333e-002 3.359606e-002 2.281182e-002 3.109088e-002 7.011690e-002 7.228579e-003 4.467131e-002 3.118974e-002 9.155947e-002 4.675104e-002 5.940175e-002 3.915378e-002 5.259698e-002 1.000000e-015 5.156575e-002 4.302742e-002 5.024367e-002 6.666667e-003 1.087254e-001 2.709426e-002 6.666667e-003 
1.000000e-015 1.587302e-003 6.349206e-003 2.976548e-002 1.000000e-015 1.000000e-015 3.689743e-002 1.072162e-002 1.000000e-015 2.893333e-002 3.814586e-002 3.534659e-002 4.458637e-002 8.106524e-002 3.714622e-002 7.461631e-002 6.937866e-003 6.042960e-002 2.702712e-002 5.839301e-002 2.775038e-002 3.186888e-002 4.429296e-002 8.144770e-002 7.450906e-003 2.900618e-002 5.316077e-002 3.606121e-002 1.371357e-002 3.806662e-002 5.923229e-002 1.000000e-015 
1.005340e-002 6.283377e-003 5.808760e-003 1.000000e-015 1.068067e-002 1.935047e-003 2.255410e-002 4.838369e-003 1.256675e-003 3.462439e-002 1.520370e-002 5.035265e-002 1.324602e-002 7.308803e-002 3.250042e-002 3.014771e-002 2.584781e-002 4.899254e-002 6.784954e-002 4.154272e-002 4.241482e-002 4.096732e-002 3.861617e-002 5.923181e-002 6.120772e-003 4.193402e-002 7.332681e-002 7.087255e-002 2.469555e-002 5.299474e-002 5.201955e-002 1.000000e-015 
7.335344e-002 3.496442e-002 1.406610e-002 1.488367e-003 4.066168e-002 3.269193e-002 2.946721e-002 2.000101e-002 1.954702e-003 3.793767e-002 2.556588e-002 3.508927e-002 2.235964e-002 4.417431e-002 4.071431e-002 4.757754e-002 1.479518e-002 3.539444e-002 5.008128e-002 3.683644e-002 3.328162e-002 3.764483e-002 3.205879e-002 4.277905e-002 1.361614e-002 2.539810e-002 3.763786e-002 4.773614e-002 2.290594e-002 2.931184e-002 3.845486e-002 1.000000e-015 

