5.127954 2.169755 1.044414 1.199502 3.075737 3.212620 1.767673 0.099768 -0.191944 0.049432 0.188142 0.102948 
4.360130 2.611595 0.368759 1.146874 3.018614 1.909620 1.847374 -0.549721 0.410977 0.154271 0.308646 0.108700 
4.267510 2.901956 2.614552 1.564918 2.405337 1.876465 0.677278 0.167238 -0.039138 0.118645 0.179683 0.059272 
4.585273 2.582278 1.875051 1.106655 1.212880 0.541258 0.096193 -0.104819 -0.060414 0.100662 0.048170 0.039766 
2.029064 2.053803 2.057108 3.408105 3.519301 0.961365 1.256646 0.281360 1.256089 0.264423 0.166693 0.061702 
1.663891 1.158004 2.410334 3.209548 2.559934 0.002990 1.169882 1.021685 0.891044 0.280996 0.235954 0.087941 
2.819121 2.652086 3.248170 2.373700 2.161923 1.515550 1.680118 0.865301 0.607337 0.286110 0.144583 0.070060 
2.043494 1.680368 2.325599 1.517629 1.365720 0.940444 1.460613 0.973950 1.051055 0.424885 0.195164 0.064021 
4.442248 1.580473 0.517816 0.275569 1.498246 2.155152 1.854969 1.092973 0.883159 0.518669 0.185897 0.037581 
0.821539 0.464262 0.588101 0.282324 0.458515 1.398633 1.212691 0.508442 0.426539 0.431597 0.218580 0.085668 
1.107488 0.399571 0.474271 0.361441 0.324906 0.357578 1.632316 0.837019 0.579572 0.519336 0.144478 0.075623 
0.720755 0.566316 0.805268 0.608063 0.560060 0.598470 1.038627 0.977024 0.053301 0.265041 0.271887 0.119620 
1.210862 0.417331 0.449751 0.238930 0.408140 0.576763 0.854260 1.660698 0.789406 0.334906 0.160691 0.068174 
0.742683 0.545726 0.774525 0.644834 0.725811 0.315903 0.088459 1.026889 0.593662 0.265699 0.302849 0.120343 
0.711647 0.457034 0.587463 0.385172 1.135802 1.066771 0.465817 0.926442 0.200888 0.376560 0.242777 0.109584 
0.743496 0.501656 0.736803 0.452635 0.327191 0.321966 0.502957 0.868006 0.215863 0.664171 0.303349 0.116875 
1.072541 0.385820 0.517155 0.678843 0.701387 0.061780 0.270024 0.650431 1.596021 0.420466 0.146561 0.085645 
0.741365 0.485582 0.635463 0.682222 -0.022974 0.438483 0.839837 0.617678 0.860988 0.365148 0.260671 0.110647 
0.635035 0.427383 0.602295 0.272365 0.789415 0.609370 0.317967 0.575041 0.729691 0.669168 0.194212 0.105376 
0.953079 0.583628 0.912282 0.965682 0.554954 0.353926 0.053617 0.048316 0.733889 0.514540 0.289196 0.119924 
0.696448 0.434612 0.478410 0.472847 0.641092 1.384219 0.477283 0.507073 1.063816 0.276856 0.220233 0.090364 
0.645993 0.420558 0.658725 0.740526 0.231284 1.238471 0.281924 0.488812 0.425970 0.502827 0.309807 0.110409 
0.732173 0.431008 0.622558 0.577330 0.802875 0.553416 1.114276 -0.071028 0.887921 0.462802 0.233128 0.101194 
0.763831 0.548103 0.799422 0.629299 0.485799 0.499552 1.051741 0.100723 0.199606 0.544922 0.284300 0.127081 
0.659094 0.974151 0.907723 0.451797 4.126984 0.260547 0.506371 0.636572 0.516502 0.402686 0.160430 0.089017 
0.824323 0.571421 0.755480 0.638796 1.717630 0.861479 0.314622 0.274481 0.660537 0.273235 0.257110 0.102285 
0.672546 0.463451 0.578146 0.327462 1.003803 0.523263 0.994439 0.863716 0.734762 0.160718 0.236931 0.098652 
0.797368 0.562742 0.794665 0.675454 1.180796 -0.119573 0.791626 0.526792 0.516082 0.416119 0.272160 0.111096 
1.840224 1.546847 2.110945 1.492236 1.461587 0.832619 1.124511 0.258264 0.363566 0.169837 0.141826 0.072960 
0.902355 0.589913 0.984345 0.876960 1.103368 0.428690 0.199058 0.235891 0.066859 0.371634 0.271960 0.146161 
0.780181 0.591561 0.823414 0.625651 0.618438 0.713076 0.722874 0.250674 0.505414 0.057296 0.353973 0.138915 
0.003497 0.001105 0.000453 -0.000593 0.000137 0.000232 0.000247 0.000265 -0.000120 -0.000077 0.000667 0.000382 
