21 17 10 30 18 21 14 17 22 25 18 27 15 22 18 23 30 19 14 19 13 9 30 14 13 22 13 27 10 14 16 9 17 15 12 20 16 17 26 16 18 9 17 26 14 18 16 11 19 10 10 10 9 21 13 17 11 9 10 10 10 10 8 8 8 8 8 8 8 8 9 18 17 21 23 15 22 11 19 20 17 14 13 10 18 22 15 21 10 26 23 9 14 15 30 9 26 11 23 18 26 11 26 26 9 9 26 18 23 13 21 23 22 23 21 13 21 14 30 25 26 21 30 13 12 29 23 23 15 15 14 25 13 14 13 25 15 22 15 20 13 13 12 13 26 26 13 22 21 9 
23 17 9 30 14 14 25 13 13 30 22 7 7 7 7 11 23 29 27 25 29 23 26 17 13 15 17 30 30 19 9 17 17 10 11 27 13 13 17 10 13 18 30 11 18 13 26 15 26 23 20 29 21 21 13 19 23 20 12 10 10 10 10 12 8 12 8 8 12 10 12 10 19 27 22 29 18 26 21 13 26 31 22 9 17 17 12 15 14 27 17 11 21 13 13 30 22 22 22 10 19 13 27 23 27 30 29 27 26 17 17 21 14 30 10 17 14 25 26 30 20 20 22 29 25 19 27 26 19 13 15 23 10 22 14 10 21 14 23 23 14 11 9 29 22 9 9 20 13 11 
13 13 12 11 30 9 23 30 13 20 25 18 21 18 18 19 27 29 17 27 25 21 17 18 15 23 19 29 19 11 29 13 30 26 15 21 21 26 20 13 26 27 26 26 25 27 9 10 12 12 9 10 8 8 8 8 8 8 8 8 7 16 10 10 10 7 12 7 7 7 28 19 29 28 13 27 11 28 7 7 26 17 23 11 21 23 21 30 22 13 18 19 29 15 14 18 13 18 13 9 10 10 14 15 25 26 21 15 18 13 29 23 29 23 10 25 26 18 19 22 23 26 29 17 30 21 18 18 21 21 27 19 18 27 23 17 23 20 19 18 30 15 18 22 26 15 15 13 9 13 
9 29 26 29 13 14 23 30 13 30 23 15 17 30 17 23 29 13 30 20 18 18 27 18 20 17 29 12 26 22 11 11 21 13 11 19 16 14 15 17 30 13 11 29 22 9 13 11 13 22 16 11 29 22 29 26 8 9 9 10 9 9 10 8 8 8 8 12 12 12 12 29 29 29 19 23 25 26 14 9 14 9 17 9 20 9 12 21 9 12 21 11 15 13 26 23 20 26 11 27 9 22 21 11 9 20 17 22 14 14 29 17 10 17 27 18 9 25 9 13 18 29 30 14 13 27 23 15 13 21 18 11 13 29 27 30 20 17 21 26 26 23 25 17 30 17 23 19 12 21 
13 26 22 25 29 11 13 13 20 25 9 26 13 10 11 25 14 26 22 23 11 14 11 20 21 26 17 15 18 18 26 10 23 29 12 11 14 30 23 13 23 23 27 17 15 9 10 17 20 23 15 20 11 22 23 21 30 13 2 22 15 10 9 17 8 8 8 8 8 12 12 12 12 12 14 19 16 19 22 19 25 14 9 26 14 9 12 26 30 12 26 15 15 9 21 30 13 10 18 27 30 30 30 21 23 15 9 21 11 22 21 21 20 13 21 29 23 13 17 17 30 14 17 14 27 21 10 11 12 15 21 26 13 15 26 9 14 27 27 19 18 23 15 17 14 30 26 10 15 27 
13 15 11 28 28 14 26 27 28 26 26 20 8 27 11 28 28 28 11 21 14 14 28 29 11 9 11 26 28 26 25 25 9 29 10 23 26 14 26 11 15 25 30 22 20 22 14 27 14 30 15 22 9 10 9 23 26 12 29 19 23 18 22 22 21 18 10 12 8 8 8 1 8 8 8 8 7 29 16 9 16 18 20 18 29 12 18 9 21 14 26 15 10 12 13 9 15 14 18 22 12 9 21 12 25 12 21 25 11 23 13 17 13 20 26 18 23 11 22 12 14 20 20 27 23 19 29 21 9 29 23 29 13 23 14 29 9 28 27 11 26 28 28 29 13 23 7 16 20 9 
6 28 26 30 26 25 21 9 21 11 9 25 14 25 27 17 18 18 27 11 23 20 21 17 30 17 11 17 10 17 26 18 20 18 19 13 26 26 10 21 13 27 9 29 9 14 9 29 29 29 15 11 29 14 22 27 26 9 22 9 8 8 9 8 8 26 8 8 13 29 30 22 21 14 15 26 27 30 23 17 23 20 9 21 20 14 25 21 9 9 15 15 11 21 18 17 21 25 21 13 10 18 13 27 26 18 11 9 14 14 26 14 21 23 18 27 15 17 17 30 22 15 19 27 14 22 17 19 27 22 25 29 13 30 13 29 27 19 11 19 15 22 22 14 25 17 19 12 22 23 
22 18 13 23 12 13 13 17 21 30 11 23 30 10 13 27 18 29 11 25 23 29 21 18 16 16 12 29 27 30 18 9 18 9 18 26 13 29 13 16 30 22 14 30 29 20 29 11 17 12 25 11 16 19 11 20 14 9 30 13 15 25 29 15 19 18 29 28 9 14 15 11 9 8 8 8 8 0 8 8 8 12 29 16 16 12 9 9 23 22 21 18 27 19 21 26 15 17 23 19 18 27 17 13 22 18 29 12 14 23 30 23 13 22 11 20 11 15 23 17 21 21 17 20 9 13 18 10 30 21 15 10 17 27 30 27 15 26 9 27 15 10 9 26 20 19 19 18 18 13 
27 23 17 15 23 29 29 15 18 9 26 13 27 13 10 10 21 14 19 23 23 26 30 17 30 29 21 21 22 23 26 30 20 18 19 18 21 17 17 22 26 17 26 20 9 19 21 30 13 23 9 26 14 27 11 18 17 11 27 15 11 15 30 27 29 19 23 19 23 20 11 9 18 10 10 17 10 8 8 8 8 8 8 8 14 12 25 25 29 27 11 25 13 25 27 26 9 18 21 20 30 13 21 15 14 12 17 27 13 21 12 9 12 17 17 14 26 30 9 22 30 29 20 23 18 15 26 14 30 20 21 19 26 15 15 14 18 23 27 10 13 20 20 10 15 14 11 30 25 29 
22 18 21 11 15 17 10 19 23 13 26 9 20 13 22 22 13 17 18 26 13 18 21 26 20 21 22 30 26 18 20 23 18 10 17 23 25 27 18 26 17 15 10 13 30 20 30 28 21 27 19 29 30 29 11 22 18 21 27 18 23 26 23 12 18 22 19 16 10 28 25 18 23 10 10 8 8 8 8 8 8 2 8 10 12 16 16 12 12 18 18 26 23 27 9 21 9 15 14 22 21 11 18 26 21 9 26 15 11 9 15 27 9 29 14 20 13 17 20 26 18 9 10 22 14 30 17 25 12 22 23 13 11 13 27 14 13 22 23 22 13 23 13 11 17 21 30 19 26 27 
9 22 13 15 15 22 18 20 23 18 23 30 14 26 25 26 26 30 19 26 14 25 20 19 23 18 15 26 21 17 29 20 19 29 11 29 18 21 9 22 9 27 15 9 22 21 30 28 7 7 26 27 27 17 13 26 14 23 26 13 13 22 18 14 11 6 8 8 10 9 10 8 8 8 8 8 8 8 8 8 9 9 2 8 11 28 11 29 15 29 13 12 28 6 6 7 7 20 27 17 21 15 21 19 27 15 22 15 13 9 13 26 12 26 13 29 30 23 11 26 29 26 15 17 15 30 23 27 25 27 29 22 17 30 18 12 26 25 15 17 18 21 25 23 27 13 30 15 19 18 
16 13 30 21 11 13 18 10 25 27 21 9 23 25 10 14 20 22 23 14 14 17 30 21 27 16 16 17 23 18 23 14 19 18 18 30 23 18 26 18 27 20 23 14 12 22 29 14 21 30 27 22 29 27 30 28 11 12 11 30 9 14 27 13 29 29 18 12 29 29 8 9 10 10 17 10 8 8 8 8 8 8 7 9 15 10 10 23 12 10 23 20 9 20 23 15 17 26 14 9 14 17 29 26 21 15 21 13 23 13 27 20 27 14 11 26 20 26 15 22 20 15 9 10 18 21 27 30 19 13 19 14 21 11 13 27 15 15 30 9 21 13 17 18 12 28 9 27 13 13 
17 29 30 15 12 11 11 23 29 15 19 29 23 23 13 21 23 27 17 25 22 14 23 29 18 28 27 19 29 17 15 21 16 27 19 10 30 15 14 23 11 30 11 13 18 20 14 13 9 15 13 15 30 14 15 17 19 16 18 29 16 16 17 30 28 25 23 23 9 12 8 8 8 9 8 8 30 8 12 17 21 11 17 9 22 22 15 15 15 23 12 18 17 10 13 21 23 17 12 10 17 12 21 27 9 21 13 9 15 14 18 11 9 26 26 18 15 9 12 19 26 9 15 19 29 10 29 13 14 23 11 15 13 20 15 19 26 25 25 20 18 11 19 26 29 13 23 13 10 27 
19 27 27 29 13 18 27 9 19 27 9 11 29 21 23 28 23 11 26 13 30 29 30 18 19 11 21 9 17 23 22 30 13 9 18 23 25 11 15 18 23 16 9 18 13 10 10 10 22 27 21 27 20 27 22 19 14 22 28 20 9 10 10 10 8 8 8 8 8 8 8 7 9 10 15 19 21 26 17 26 20 11 21 23 22 15 18 23 12 12 12 13 17 23 17 25 9 21 21 20 18 18 21 26 10 18 9 18 30 15 26 19 22 20 22 29 22 20 30 10 15 18 19 30 18 11 22 26 27 13 25 11 16 27 13 13 11 21 10 17 11 15 25 9 22 19 27 17 29 20 
20 19 30 15 27 7 20 19 19 18 28 9 19 18 11 23 18 11 10 30 22 19 13 25 28 22 30 29 11 27 28 26 23 23 27 18 23 20 14 30 14 22 23 29 25 21 14 18 29 26 23 12 11 25 19 29 27 26 22 11 25 11 10 10 22 10 8 8 8 1 8 8 8 7 21 17 23 15 14 23 11 18 26 17 26 9 27 9 26 17 12 12 21 11 27 9 15 9 10 9 21 11 26 11 18 26 21 30 12 15 14 14 14 22 23 14 18 21 10 14 21 9 18 20 10 20 27 16 23 21 15 11 25 19 17 11 14 21 11 20 18 9 27 26 27 13 18 18 14 27 
27 30 21 29 27 22 23 17 30 19 21 23 27 30 11 13 11 19 11 29 18 23 12 17 19 11 23 17 15 13 11 26 14 21 13 21 18 21 19 10 25 11 22 22 13 25 26 26 22 9 18 20 27 10 25 15 9 11 9 29 25 29 13 30 30 27 8 18 26 9 12 20 8 8 12 8 8 20 26 22 25 18 16 18 9 10 21 12 12 15 18 17 10 12 27 21 12 12 10 12 10 12 13 9 9 9 26 22 21 14 22 21 19 10 22 20 15 14 26 27 10 19 11 21 18 17 23 23 14 11 18 9 15 9 19 17 26 18 21 22 21 21 25 14 26 22 9 21 30 13 
14 27 11 19 21 11 13 30 12 11 21 10 30 20 30 30 17 15 23 17 11 10 14 19 18 23 23 11 16 20 30 29 10 28 23 30 17 12 16 27 15 21 31 20 26 20 22 25 11 30 17 11 29 23 23 14 18 23 14 28 27 13 25 25 29 27 27 28 14 25 12 10 12 8 8 0 8 8 8 8 12 8 16 16 12 16 17 13 14 19 21 30 23 21 30 26 21 9 14 21 13 10 15 9 11 20 30 14 14 10 9 30 15 11 13 18 18 12 13 18 10 18 14 15 29 14 23 13 11 23 22 13 18 16 18 19 13 23 11 18 9 26 19 27 13 11 25 15 18 30 
11 27 11 26 15 17 22 26 15 14 27 26 9 28 26 22 27 11 22 15 21 27 15 15 25 15 22 10 11 18 27 14 13 27 17 29 18 22 11 27 27 27 12 27 11 19 22 9 13 11 23 15 13 30 27 18 23 9 27 30 13 26 29 29 19 21 7 25 17 10 9 10 8 8 0 8 8 8 28 8 8 24 25 3 27 29 29 19 30 22 25 30 15 13 22 11 11 15 9 18 15 18 21 12 9 15 26 26 18 20 12 9 9 9 14 19 22 23 13 20 26 22 13 18 20 26 19 21 23 18 21 30 22 11 23 29 14 14 11 12 27 20 23 22 9 15 17 20 13 13 
16 17 12 14 20 18 13 9 22 19 27 21 25 17 9 23 22 18 11 30 11 11 10 26 27 22 5 19 29 29 18 17 29 21 21 27 30 22 23 23 26 14 21 29 18 18 11 30 17 27 17 26 18 23 23 23 26 21 17 30 26 23 13 23 23 30 21 30 5 5 23 30 19 21 14 10 10 10 10 12 8 8 8 8 14 8 14 28 17 22 27 15 14 14 14 15 17 14 16 12 13 21 15 30 15 15 21 15 12 13 18 19 16 17 21 26 21 22 12 26 17 21 12 18 26 27 13 30 14 18 26 19 15 30 19 9 15 13 13 22 14 26 9 11 23 11 13 15 27 17 
17 14 9 15 23 22 9 13 10 14 30 30 17 30 14 23 27 21 23 22 22 26 22 28 9 26 27 29 25 21 29 26 9 30 26 11 17 11 28 27 30 16 23 30 29 29 27 20 11 18 11 30 15 26 29 21 22 25 29 21 11 12 13 13 26 12 1 12 12 17 12 12 8 8 6 8 8 14 8 8 17 15 12 21 12 7 17 21 14 15 13 29 21 30 17 18 22 22 10 9 17 17 23 23 9 18 18 18 27 21 14 10 27 9 18 11 22 21 18 17 18 18 9 11 18 18 26 27 18 23 25 13 17 27 25 23 10 17 25 19 18 29 27 17 27 15 23 26 19 9 
15 10 13 27 20 25 11 22 22 23 16 19 20 26 19 23 17 21 11 21 2 24 14 25 22 14 17 17 26 28 28 21 26 27 17 13 13 13 29 29 18 30 13 20 15 25 15 20 18 29 17 22 17 26 12 12 20 14 17 11 14 25 10 9 9 17 8 8 8 12 8 12 10 20 26 21 15 18 19 13 14 12 25 20 9 26 12 26 11 10 9 9 26 26 8 12 12 9 10 12 9 10 9 10 22 25 13 18 30 17 18 9 11 10 12 18 19 20 13 9 21 15 18 18 13 18 29 11 29 11 27 17 29 15 17 19 29 25 28 14 29 17 25 21 20 25 22 15 20 9 
27 25 13 22 23 9 28 23 22 11 27 25 30 20 30 20 27 10 13 23 28 15 10 29 19 9 11 13 11 22 25 26 27 29 25 17 13 23 30 13 30 14 22 10 14 9 30 22 21 13 22 21 30 30 19 17 14 29 30 19 15 27 15 27 16 13 28 14 22 17 10 17 16 8 9 12 12 12 12 16 12 10 29 19 22 21 22 18 9 26 9 9 10 13 21 20 23 27 17 23 21 20 26 19 9 22 9 27 29 14 9 18 11 19 27 11 11 11 15 15 23 20 14 26 14 18 13 26 23 30 30 13 29 23 23 30 9 19 22 14 25 27 13 27 29 26 26 11 26 30 
29 19 18 9 18 11 9 18 17 13 22 15 28 23 11 20 27 25 7 27 30 28 25 18 26 19 27 25 9 12 23 21 21 11 29 15 29 10 23 10 18 13 10 19 29 11 18 11 15 9 21 11 14 17 20 30 29 29 13 29 19 14 20 12 10 10 17 8 8 8 8 8 12 8 8 22 21 18 17 9 16 13 13 16 28 28 6 5 28 25 28 28 28 19 22 19 13 19 22 21 30 17 18 25 9 27 21 27 14 10 13 20 26 19 22 18 11 15 9 17 12 13 11 16 20 23 20 27 17 15 20 22 27 15 17 14 26 17 30 30 19 12 30 21 20 22 9 23 13 11 
27 10 28 27 28 11 11 21 11 17 19 11 17 13 19 10 26 29 18 27 15 14 18 11 30 19 27 13 9 20 15 27 21 18 29 26 19 23 19 18 27 30 14 20 10 13 29 22 27 17 13 27 22 19 15 17 13 20 27 11 11 23 23 30 17 8 14 10 12 12 12 8 8 8 8 8 8 8 7 8 23 15 16 18 15 17 27 23 9 22 27 18 19 21 9 22 26 22 21 17 17 21 10 26 9 14 19 21 15 13 27 9 10 17 23 18 21 11 23 30 21 23 15 11 16 11 12 18 17 19 23 16 19 25 30 18 18 23 27 26 17 20 27 18 26 26 27 30 11 11 
23 23 13 18 14 27 17 11 9 23 22 19 30 9 19 19 14 14 23 27 18 11 11 15 23 19 29 27 18 19 11 15 29 27 9 30 29 25 27 17 23 17 14 11 18 27 10 27 21 21 29 19 14 23 30 27 21 18 14 23 29 30 23 27 27 13 30 12 8 10 12 12 12 8 8 8 12 8 8 12 12 12 12 29 25 19 24 0 1 8 14 14 21 11 9 9 18 21 14 30 11 12 11 13 17 29 14 9 10 14 20 17 29 23 9 9 17 14 21 11 18 16 21 25 15 12 27 19 26 30 29 11 30 29 21 26 26 11 30 20 15 14 30 20 9 23 30 11 11 9 
18 13 26 29 18 27 20 29 17 19 19 19 9 17 26 17 18 21 18 27 13 16 13 14 17 30 26 29 11 11 18 13 26 29 22 26 27 13 27 21 21 14 11 18 23 13 21 13 10 21 26 26 14 25 15 30 29 23 26 18 17 30 26 29 13 19 16 11 15 22 23 19 23 19 21 30 14 21 7 9 23 10 10 16 8 10 8 12 20 20 9 8 29 15 23 9 23 19 9 18 11 14 20 11 20 21 20 13 11 11 11 13 19 13 15 11 21 15 15 12 9 30 14 9 18 13 20 15 21 14 13 12 30 26 18 21 13 25 11 23 15 30 18 26 11 15 29 14 18 23 
17 30 25 16 26 19 20 26 23 27 26 18 20 30 22 14 11 14 13 23 26 21 10 14 18 11 17 11 11 29 11 18 9 13 11 21 10 29 10 12 27 14 10 26 14 22 21 30 13 30 23 27 14 14 18 29 12 21 11 18 30 17 30 22 12 15 18 17 30 9 29 19 29 19 25 13 8 20 10 10 16 12 8 8 8 8 8 8 8 8 8 3 28 26 11 17 17 14 9 23 18 26 20 29 18 15 14 15 13 9 23 18 11 25 9 29 9 18 30 21 13 11 10 9 17 22 17 26 13 17 9 15 10 17 23 14 26 16 18 14 9 9 27 15 23 21 30 26 18 29 
21 26 18 23 27 11 18 22 9 15 12 29 23 19 29 18 19 27 11 14 25 23 23 14 15 29 15 14 19 20 28 23 11 14 20 30 15 15 23 11 12 14 11 9 25 23 13 14 26 21 13 18 21 25 21 17 15 17 11 13 13 29 18 30 19 13 30 19 30 20 12 17 10 16 12 8 8 8 10 10 12 12 12 11 23 23 22 15 18 21 12 18 19 26 14 27 22 21 15 14 13 11 21 17 18 15 13 29 17 17 18 9 20 12 9 21 18 17 12 21 30 22 13 15 23 30 27 11 23 11 30 20 20 13 14 29 15 13 30 12 10 12 23 22 14 9 18 23 29 18 
26 11 29 22 22 23 30 11 11 30 17 13 25 18 19 11 29 22 13 15 10 12 13 17 30 10 25 22 20 17 30 10 13 23 19 16 22 15 29 13 12 15 29 23 9 15 10 30 11 12 23 29 27 21 11 27 15 17 18 23 29 9 26 10 10 10 12 8 8 9 8 8 8 8 8 26 10 9 9 14 25 23 22 20 9 20 12 18 20 21 18 13 23 11 18 29 11 9 18 17 20 18 16 25 18 21 21 14 9 12 11 15 27 15 9 16 22 26 12 19 23 18 30 26 20 22 23 27 22 19 14 29 14 21 30 20 10 12 29 26 4 28 6 6 2 7 29 13 25 27 
23 27 9 26 18 13 17 9 29 15 27 18 23 25 23 17 27 11 12 25 27 12 26 30 30 21 27 13 27 18 10 26 11 20 26 27 27 21 15 10 15 27 11 21 23 20 15 23 18 19 13 29 11 27 13 30 23 18 13 15 29 21 30 9 26 15 9 20 8 8 9 9 12 12 12 12 9 29 23 27 13 29 10 27 20 11 30 12 27 15 12 18 20 14 9 9 12 20 13 9 30 20 9 21 18 23 15 18 21 13 9 10 10 17 21 26 23 13 30 18 11 10 23 23 14 25 23 15 11 29 12 23 22 13 26 13 23 21 18 13 15 26 27 18 22 21 27 22 23 23 
