21 17 10 30 18 21 14 17 22 25 18 27 15 22 18 23 30 19 21 11 13 20 21 18 22 17 15 27 12 21 26 26 7 28 28 3 28 29 23 19 11 29 23 18 26 23 14 29 9 13 11 22 30 9 11 12 12 12 13 20 24 24 0 0 1 1 1 0 0 0 0 2 2 2 24 4 4 4 4 6 10 6 6 6 6 7 7 5 28 7 7 28 29 19 18 15 10 17 17 18 10 13 18 9 22 12 13 22 30 11 23 26 30 21 17 15 10 14 14 14 26 21 27 15 26 10 25 20 18 29 23 29 21 12 14 17 29 19 10 23 19 23 15 14 13 28 19 12 17 20 
14 25 17 21 8 10 12 12 17 22 9 30 21 10 3 3 3 28 28 28 13 28 15 29 14 14 23 27 15 13 25 23 14 15 9 29 11 27 15 21 18 23 6 0 0 1 1 0 0 1 2 0 2 2 2 1 1 6 6 6 6 6 6 6 6 28 6 5 27 6 7 13 30 29 13 26 15 18 9 15 23 9 9 29 23 13 19 19 26 11 19 26 9 30 9 10 22 25 15 17 12 13 18 25 15 10 18 13 23 14 15 10 29 15 11 26 27 21 13 25 26 25 18 27 14 21 20 29 19 23 19 15 18 11 25 20 20 29 15 23 15 18 26 23 29 14 14 29 27 14 
18 15 30 29 25 9 15 31 19 19 27 26 23 23 23 13 14 29 29 28 10 10 23 15 23 21 27 29 23 20 21 18 20 9 20 16 9 16 4 0 0 1 1 0 0 0 0 0 2 2 2 10 1 4 4 6 4 4 4 5 22 28 5 7 7 27 13 13 17 14 10 23 30 29 30 19 15 15 15 21 9 30 14 26 27 15 30 14 27 29 30 17 19 15 15 15 14 21 26 29 15 30 29 15 13 30 14 9 26 11 13 10 18 22 23 19 18 18 9 21 18 14 21 21 29 17 11 27 11 19 23 19 30 23 23 11 18 15 21 15 17 14 18 14 30 30 19 20 29 18 
14 15 21 26 10 25 13 11 29 25 18 25 22 13 9 18 13 15 9 21 9 21 12 12 19 12 24 1 0 1 1 1 0 0 0 0 0 0 0 8 1 4 24 4 4 4 4 4 4 4 7 5 7 13 28 30 23 11 15 23 22 30 19 19 27 17 22 26 21 17 15 21 20 15 18 11 20 25 18 26 26 29 14 14 14 9 9 23 18 20 29 26 12 30 18 20 17 13 15 17 13 11 26 18 17 17 27 30 27 15 27 29 13 27 25 29 23 11 21 21 16 30 9 25 29 20 23 13 17 26 18 19 21 10 13 27 21 14 23 15 29 23 13 27 25 23 19 12 23 22 
15 29 21 19 10 30 25 26 29 17 19 19 23 13 15 23 19 19 27 29 10 15 11 27 13 30 19 20 25 29 28 18 15 23 18 14 9 14 25 9 23 26 11 18 25 26 17 22 16 9 21 18 26 18 9 22 12 11 17 21 20 5 0 1 1 1 0 0 0 2 0 2 2 24 24 24 4 4 23 6 5 5 5 5 9 19 27 14 12 15 23 26 17 9 17 19 29 26 29 20 18 9 15 10 12 17 30 19 27 23 17 15 27 13 11 14 14 13 17 18 15 23 13 19 14 9 10 11 15 9 27 10 10 17 22 9 15 9 23 27 13 15 26 26 15 26 26 21 18 22 
28 26 30 21 18 26 21 11 13 22 27 17 26 13 30 19 22 11 22 13 9 17 23 25 23 23 26 25 29 14 27 23 30 15 9 18 17 22 18 23 13 10 22 10 21 15 22 30 15 20 20 20 20 12 20 23 29 15 30 30 26 17 17 11 20 15 13 12 27 23 30 9 13 12 17 27 22 24 0 1 1 1 0 0 0 0 0 0 0 0 1 7 24 4 4 5 5 5 4 4 5 6 6 7 7 13 27 27 13 15 23 15 21 17 13 19 29 9 15 17 9 11 30 19 17 15 23 21 20 9 13 13 27 14 11 30 10 30 20 13 26 10 17 11 30 19 21 15 14 13 
9 9 28 11 10 10 21 29 11 25 21 17 13 23 18 15 16 14 11 29 20 30 26 30 22 19 21 15 11 13 9 17 27 18 30 10 22 30 22 23 19 29 15 13 25 27 16 20 21 13 26 30 14 26 27 9 26 17 17 18 21 15 22 27 13 18 15 13 22 22 11 22 29 17 25 16 17 16 16 26 0 0 1 0 0 0 0 0 0 0 0 0 0 0 1 5 4 5 5 5 5 5 6 5 5 5 28 15 13 12 23 30 30 13 11 20 22 19 18 10 12 25 13 20 18 14 10 23 30 20 13 14 20 18 12 11 23 13 27 17 30 26 20 26 18 18 18 9 30 22 
10 30 11 27 15 10 14 29 25 29 22 20 30 19 9 14 14 22 16 21 18 22 11 21 19 12 18 23 27 18 19 13 13 26 22 18 22 17 29 18 23 30 16 30 26 22 15 19 17 19 12 23 29 30 11 12 20 17 9 22 11 21 13 11 18 27 14 27 30 14 19 15 17 11 30 14 13 26 26 29 12 16 17 16 16 22 24 0 1 1 8 0 0 0 0 0 0 0 0 28 2 7 4 5 4 4 4 4 4 4 4 5 6 7 28 29 14 26 18 15 15 15 17 23 13 19 10 23 30 9 30 20 10 21 9 9 9 12 20 9 9 9 9 21 23 9 10 10 12 14 
22 22 10 22 10 10 19 12 27 9 11 12 15 15 10 29 15 24 18 20 18 10 17 19 29 25 13 30 29 17 23 22 22 26 19 13 23 29 19 23 9 16 21 11 23 18 15 18 13 26 20 12 13 16 16 16 16 16 18 16 17 13 12 25 15 13 20 21 20 20 20 27 4 0 1 1 1 0 1 1 0 0 0 2 2 6 6 5 5 5 5 5 5 16 16 16 22 13 16 17 16 22 22 16 22 22 23 22 30 10 27 10 18 29 10 21 9 11 19 27 9 21 11 26 20 9 14 18 19 26 30 17 20 13 30 9 23 19 26 14 19 18 19 10 12 21 18 26 15 29 
20 15 14 9 19 9 15 13 26 14 10 20 15 19 25 18 19 18 20 13 10 13 21 25 29 27 10 19 28 23 21 22 19 27 16 26 27 19 27 11 27 27 13 17 30 17 29 19 9 18 11 26 25 14 11 22 30 29 17 17 14 20 20 24 0 1 1 0 0 0 0 0 0 0 0 0 1 1 4 4 4 28 5 5 27 5 22 22 28 28 5 13 29 15 18 11 10 26 9 15 30 14 18 11 11 15 23 15 11 30 22 15 27 19 15 22 18 18 22 21 11 17 13 23 9 19 18 13 27 11 15 9 30 14 15 13 13 22 13 17 25 30 10 12 15 26 30 18 14 13 
23 13 29 22 15 28 29 26 30 12 30 26 23 23 30 20 15 27 27 15 30 17 30 26 27 30 23 27 10 27 26 13 23 18 30 29 30 20 26 27 17 19 21 11 30 29 26 10 15 21 26 25 22 10 11 15 30 28 27 13 27 14 14 23 23 11 15 17 27 14 18 24 24 25 12 12 14 14 24 24 4 1 1 0 0 0 0 0 0 0 0 0 1 27 24 4 5 4 5 5 5 27 5 5 7 16 21 30 22 30 26 13 15 18 23 21 22 18 25 23 13 21 20 26 9 9 30 23 21 11 11 26 30 18 29 20 18 14 9 16 18 10 18 14 21 19 9 28 13 23 
17 9 26 13 21 23 9 15 15 27 11 29 23 18 13 30 29 23 26 25 15 11 23 30 27 18 26 18 18 18 22 22 26 11 23 13 30 25 30 28 28 23 17 14 23 9 26 3 15 27 11 11 26 25 23 22 22 11 13 25 11 23 26 19 30 22 13 1 20 4 16 20 16 19 17 12 18 27 14 21 15 11 19 13 11 13 24 26 24 24 24 0 1 1 0 0 0 0 0 0 0 0 0 7 4 1 4 4 4 1 1 4 28 4 2 28 24 28 19 22 15 27 23 30 18 13 21 15 10 11 17 21 13 21 18 15 11 27 19 19 26 21 19 27 15 20 19 20 21 23 
14 11 18 15 21 29 11 28 6 7 2 7 28 28 28 7 2 6 6 6 2 6 6 28 2 1 28 28 29 25 26 23 30 30 26 23 27 22 28 19 28 27 14 20 20 18 14 7 25 14 25 29 20 27 9 17 19 19 29 24 24 24 14 10 22 27 20 18 26 25 19 13 23 25 19 16 16 20 24 22 16 2 0 1 1 1 0 0 0 0 0 0 0 0 0 8 0 0 4 6 7 4 6 6 5 6 6 6 3 28 5 27 7 7 27 16 15 13 9 26 10 18 13 13 18 18 18 22 23 22 13 15 17 11 26 22 13 27 14 11 22 21 18 19 9 23 10 30 15 30 
29 23 25 6 6 6 6 6 6 6 6 6 6 6 6 7 6 6 6 6 7 6 6 20 2 6 2 6 6 6 6 6 7 5 4 28 11 11 12 12 12 12 12 27 20 14 13 3 16 11 28 28 7 28 28 28 28 28 28 11 14 28 19 27 28 28 6 6 2 6 5 22 10 26 16 5 1 24 0 1 1 0 0 0 0 0 0 0 0 0 0 7 4 4 4 25 5 6 5 5 7 28 7 7 13 13 19 13 13 28 28 7 28 12 18 12 25 7 25 30 22 11 28 28 7 28 2 28 7 27 28 25 29 30 15 27 26 20 29 25 23 29 26 28 25 19 25 13 19 17 
26 14 7 26 27 17 25 25 15 27 20 9 15 10 23 14 14 13 27 17 13 30 18 20 20 11 30 18 13 15 25 29 23 30 18 18 14 28 26 17 26 20 30 15 21 26 13 21 26 13 11 25 26 11 26 27 25 25 22 25 25 20 16 25 17 19 16 13 14 20 25 15 25 18 4 0 1 1 1 0 0 0 0 0 0 0 0 0 8 1 4 4 4 4 4 5 5 5 4 4 6 6 6 6 6 7 6 6 6 6 7 7 11 26 21 15 26 27 26 21 11 17 27 22 9 13 22 29 30 17 22 14 29 21 15 16 13 27 27 23 30 18 9 11 21 11 15 29 23 22 
17 18 27 21 27 27 20 18 11 27 29 18 12 11 21 29 11 14 25 13 15 22 19 27 11 19 30 26 11 17 11 26 21 18 10 15 18 23 15 11 17 22 13 9 12 30 27 14 18 27 27 9 10 26 12 9 22 21 21 19 19 25 22 17 27 10 29 29 22 23 11 13 30 20 20 19 20 21 25 1 1 1 1 0 0 0 0 0 0 0 0 0 0 4 4 4 4 4 4 5 5 4 6 6 6 25 28 11 27 18 29 19 18 27 9 15 18 14 17 17 21 15 14 17 18 15 21 27 18 30 18 23 30 21 23 15 25 19 9 30 9 11 25 20 30 18 23 18 15 17 
18 26 15 27 21 23 18 15 18 18 19 17 27 10 26 21 17 21 17 23 30 13 20 26 15 13 21 17 13 29 26 21 10 18 13 29 26 19 18 22 29 30 23 30 26 23 14 17 26 29 30 30 10 30 21 16 26 20 30 18 13 15 27 23 15 17 23 29 29 30 12 13 18 29 23 21 30 22 21 22 13 27 19 26 30 26 24 0 14 14 12 24 24 1 0 1 0 0 0 0 0 0 0 0 0 7 6 6 4 4 4 4 4 4 4 4 4 6 6 6 6 6 7 10 17 14 18 26 14 21 13 21 29 15 18 13 9 23 15 21 22 16 11 12 30 12 18 10 11 21 
15 17 15 27 21 9 14 16 17 14 23 26 21 9 15 18 12 22 29 9 13 13 17 17 13 23 11 21 9 14 27 14 9 15 16 14 26 23 20 30 13 12 26 9 17 15 10 12 23 11 17 15 29 10 30 20 24 30 29 21 13 25 0 0 0 1 1 6 0 0 0 0 0 0 0 8 2 24 4 4 4 5 5 5 5 5 5 5 5 7 14 7 19 21 29 18 27 14 12 23 26 29 10 12 13 29 27 12 13 17 10 17 19 30 20 17 9 18 12 12 23 21 26 27 30 23 23 26 17 12 13 17 22 30 17 21 13 21 11 11 25 25 13 22 19 29 21 27 17 18 
27 10 18 25 17 30 21 25 19 29 19 13 19 11 17 23 17 15 12 26 30 20 16 16 25 21 19 9 13 15 23 20 13 21 13 13 27 17 23 20 17 20 29 21 20 20 25 20 24 5 0 0 1 1 0 0 0 0 1 0 1 2 1 4 4 4 4 4 4 4 4 4 4 6 6 6 4 5 6 6 6 7 7 28 27 18 30 27 9 29 22 13 26 22 15 29 18 25 27 14 17 13 27 14 30 22 26 15 15 18 10 9 22 27 13 29 23 30 18 28 9 14 19 29 21 27 23 21 30 20 16 29 13 11 27 23 22 14 30 29 18 21 26 18 23 18 18 9 15 21 
25 14 16 18 21 30 21 13 10 30 26 13 11 23 17 9 15 27 13 20 26 13 14 30 14 25 27 13 12 11 10 23 19 23 30 20 14 18 13 16 30 23 27 29 12 26 21 14 11 11 21 27 13 14 11 27 23 22 19 9 11 22 12 21 11 24 24 24 26 19 4 0 1 1 0 1 1 0 0 0 0 0 1 2 1 4 4 4 5 4 5 5 4 4 24 4 4 4 5 12 27 26 25 22 30 9 23 27 26 11 27 17 15 11 25 16 21 26 25 18 15 12 14 9 26 20 10 18 27 9 13 23 13 21 22 17 30 15 19 18 27 13 21 19 15 20 19 11 22 27 
13 11 22 23 15 23 15 23 25 12 21 13 22 30 9 10 29 23 15 14 18 30 13 17 11 11 29 11 11 19 25 19 21 13 19 27 21 26 27 30 9 30 10 10 23 15 23 22 18 27 17 11 30 18 13 22 22 18 21 26 18 25 23 23 19 10 11 20 29 25 23 14 9 19 30 28 24 25 1 0 0 0 0 0 0 0 0 2 28 7 7 7 4 5 5 4 5 5 4 5 5 6 7 6 7 12 15 19 23 19 27 27 19 20 18 10 29 30 15 21 25 10 14 13 17 26 27 18 14 14 17 21 17 26 9 30 13 13 25 10 9 19 23 17 30 26 22 26 23 17 
13 23 18 9 9 25 13 17 20 12 21 10 21 25 18 13 11 18 22 10 20 12 17 10 25 12 22 13 18 25 13 17 18 23 18 26 27 13 13 11 19 19 11 29 13 13 27 11 19 13 21 18 19 26 17 27 13 9 29 30 20 27 30 27 11 27 25 13 9 7 22 9 28 26 15 11 23 27 13 30 27 13 12 30 25 19 29 29 28 20 22 10 0 8 14 24 24 1 20 8 0 0 0 0 0 0 2 2 5 4 4 4 24 24 4 28 4 28 4 28 25 9 2 28 21 21 21 29 30 14 15 23 16 18 27 15 18 14 10 23 27 15 11 21 29 26 30 30 14 21 
30 10 29 30 13 9 10 29 26 11 23 27 23 16 11 26 15 11 26 29 17 26 12 11 23 23 26 11 14 13 18 22 26 13 13 18 22 27 15 13 13 13 27 30 14 16 16 9 23 23 14 14 15 10 20 14 20 9 9 24 2 0 1 1 1 0 0 0 0 1 0 2 7 6 6 6 6 7 28 23 7 7 6 7 6 6 7 7 26 15 12 20 19 21 9 13 18 18 20 9 19 9 20 21 21 18 19 21 14 23 17 18 12 9 15 11 27 17 20 25 20 13 26 14 21 21 11 15 12 14 18 23 27 17 15 21 15 14 15 15 25 19 10 21 15 19 12 27 18 18 
16 19 22 25 18 27 26 15 27 20 19 18 19 17 9 17 27 12 23 23 17 29 20 18 18 29 22 22 29 19 18 18 9 26 11 23 25 17 17 20 13 22 9 11 23 26 13 27 2 6 28 5 5 16 18 17 10 30 27 28 1 0 1 1 1 0 0 0 0 1 1 9 1 1 6 6 5 6 5 6 5 5 6 6 6 6 2 6 6 7 7 5 5 7 7 26 7 27 18 17 30 26 12 25 30 30 14 20 28 23 9 25 29 29 13 23 23 19 9 19 13 19 29 23 17 29 23 11 11 23 20 18 14 17 29 18 27 15 19 19 18 11 30 19 14 23 26 14 25 30 
15 27 23 21 30 23 23 20 15 27 19 23 21 14 15 25 21 13 17 26 25 23 12 10 21 27 23 27 19 25 9 19 26 27 18 29 19 16 11 13 17 21 18 11 24 29 22 27 26 20 22 22 29 18 14 26 27 10 19 30 27 9 20 20 16 27 1 1 1 28 2 0 0 0 0 2 2 4 24 4 4 15 4 5 5 6 4 5 6 7 5 18 19 11 17 21 22 9 21 13 17 10 26 14 23 27 26 9 14 12 15 10 19 26 12 13 22 26 22 14 15 13 14 19 11 14 14 11 9 15 14 18 20 11 17 27 29 27 18 22 26 30 23 11 15 9 15 11 25 26 
23 20 28 14 30 11 22 16 19 29 25 19 22 11 20 26 26 15 30 17 25 19 18 14 22 18 9 9 22 22 24 25 16 27 17 18 21 27 14 14 9 15 27 21 13 19 14 18 11 27 12 17 22 19 30 23 26 13 23 20 19 14 17 22 9 21 15 18 25 1 1 1 1 0 0 0 0 0 2 5 7 5 5 5 5 5 27 27 13 19 21 18 22 30 21 9 27 9 14 21 21 9 9 17 18 17 13 13 14 14 14 15 21 20 13 20 12 18 15 14 18 14 11 20 9 18 16 27 22 9 17 20 12 12 12 20 15 15 18 13 26 15 30 13 21 27 14 20 27 23 
26 27 15 20 23 23 26 21 10 23 11 22 19 12 15 18 13 19 13 15 19 25 11 13 29 15 17 29 23 27 9 14 9 9 21 16 16 16 20 16 16 26 19 20 14 14 25 13 9 23 27 10 19 16 16 22 2 0 25 1 0 0 0 0 0 0 1 1 28 2 6 4 4 7 4 5 5 25 27 22 27 16 18 27 30 23 26 14 18 29 27 26 15 13 17 27 26 9 17 26 14 20 22 30 26 21 27 15 15 12 27 26 21 21 10 26 21 15 17 29 20 20 30 21 26 15 18 19 26 19 21 27 20 27 21 27 29 13 26 22 22 17 23 30 27 18 27 14 23 27 
29 11 14 11 17 20 19 14 22 20 19 30 27 19 17 29 30 11 22 17 20 15 9 9 26 18 27 9 26 30 9 9 29 9 26 16 18 14 13 29 26 27 14 14 22 13 29 21 14 9 25 18 26 14 26 27 13 20 20 20 20 20 20 25 27 4 1 0 24 1 0 1 2 0 2 2 2 2 2 4 4 4 5 5 5 5 4 5 4 6 6 6 6 6 28 2 25 27 19 19 25 21 30 14 29 12 15 18 25 25 23 18 11 10 22 29 17 26 18 26 26 26 28 28 28 26 11 19 28 28 25 27 28 27 12 7 7 15 30 25 29 27 23 22 17 9 29 17 23 17 
30 25 14 22 29 26 12 10 17 18 26 21 23 27 11 12 20 11 10 29 27 9 18 26 16 11 29 18 18 17 26 13 13 13 22 9 16 26 25 17 26 17 22 9 14 16 17 27 20 14 23 17 27 11 10 10 10 27 0 0 0 1 1 1 0 0 0 0 3 1 1 28 4 4 4 6 4 4 6 5 5 4 7 7 13 23 9 23 22 20 15 27 15 30 23 22 26 29 17 20 23 9 11 9 23 19 17 22 25 30 21 15 14 18 30 18 18 15 18 17 18 9 18 23 15 18 10 11 27 12 19 11 13 13 10 27 19 22 25 15 30 17 15 14 11 9 15 29 18 13 
9 12 27 9 13 17 29 30 23 23 20 29 14 26 13 22 22 27 30 25 13 11 18 27 27 9 20 12 14 21 21 23 26 20 11 22 26 14 26 10 19 13 17 18 17 26 11 26 23 13 10 20 16 23 15 29 12 9 25 30 29 14 1 1 1 1 1 0 0 0 0 2 2 0 1 1 1 7 28 28 1 1 23 28 28 28 30 19 11 11 10 10 30 15 30 18 18 17 29 26 9 9 29 14 30 21 19 19 14 10 18 27 21 23 10 20 14 10 10 9 18 13 13 25 23 27 10 20 23 15 10 18 22 20 29 21 19 27 15 30 15 30 27 22 15 21 9 27 16 15 
