21 17 10 30 18 21 14 17 22 25 18 27 15 22 18 23 30 19 21 10 18 9 11 20 2 2 6 28 28 28 28 6 2 11 28 25 11 11 13 9 10 11 16 16 19 16 27 17 16 18 16 16 16 26 11 12 13 12 25 9 21 22 12 10 3 13 16 16 16 16 28 3 2 2 2 3 3 3 2 2 3 3 3 3 3 3 30 17 13 13 17 17 20 17 15 18 12 14 13 15 17 30 13 15 17 9 18 29 29 30 26 14 29 23 22 20 15 21 20 30 27 21 18 28 28 7 10 17 25 23 30 22 30 14 17 21 22 9 26 13 10 21 13 19 21 15 11 23 14 13 
25 23 27 23 17 29 22 23 26 23 30 27 29 18 13 26 15 23 21 17 18 11 13 15 13 29 14 22 11 18 23 14 29 11 29 17 30 10 14 24 24 24 29 25 25 26 13 25 3 3 3 3 3 3 3 2 2 2 2 2 2 2 28 2 28 28 12 18 29 23 25 14 25 29 14 12 22 25 9 22 18 9 21 20 11 17 18 20 26 27 11 22 14 13 18 13 23 22 15 20 22 14 20 22 11 10 29 10 11 27 15 22 18 22 29 22 22 22 15 23 9 17 20 27 30 13 10 30 25 25 23 11 29 16 12 22 14 30 30 26 26 14 29 23 14 13 26 18 22 29 
26 9 26 20 26 12 22 23 9 15 15 15 18 10 11 10 26 14 19 22 10 23 27 11 24 24 24 25 27 14 5 25 24 3 3 2 3 2 2 2 2 2 3 3 28 2 7 28 6 15 19 21 17 19 17 19 17 27 15 16 15 10 19 13 30 29 21 11 30 16 14 25 18 29 13 19 27 10 21 14 11 11 17 21 13 26 19 21 15 12 18 21 18 19 29 23 15 27 30 23 9 18 11 11 14 18 29 21 15 27 18 20 18 25 27 11 10 18 23 29 17 16 11 30 15 14 15 19 22 13 29 17 29 29 18 19 29 21 27 11 30 13 26 27 27 20 22 20 18 26 
18 29 26 18 27 19 22 29 9 27 29 21 29 11 27 15 21 18 11 25 13 19 14 30 13 26 18 9 11 23 22 14 2 25 14 25 25 0 15 3 3 3 2 3 2 2 3 2 3 3 3 6 6 6 6 4 7 6 6 6 6 6 6 7 7 10 7 15 10 23 18 11 18 23 12 17 17 17 18 30 22 21 17 17 12 26 22 21 22 12 13 25 20 9 13 14 14 12 20 23 26 12 23 22 27 25 18 27 26 11 30 25 13 21 27 23 25 10 27 13 11 27 23 15 26 19 30 13 30 10 18 29 18 11 28 29 29 30 29 29 9 28 11 9 30 28 28 23 27 23 
19 23 11 30 30 9 7 7 7 7 7 6 7 6 6 6 4 4 4 5 16 25 25 24 24 25 25 16 7 3 3 3 3 3 2 2 2 2 2 3 3 28 3 6 11 6 12 15 9 7 7 7 7 6 7 19 26 12 27 22 26 18 14 10 9 14 10 27 15 25 22 17 12 23 23 26 19 18 13 17 22 26 14 23 27 30 10 18 27 23 11 27 30 11 29 9 23 23 30 9 22 17 20 17 13 13 17 15 16 23 17 17 20 9 22 21 30 25 30 11 23 12 29 20 26 18 22 28 11 9 27 22 18 17 27 30 26 15 17 14 20 11 11 11 30 17 27 30 17 28 
6 6 6 12 29 23 3 2 28 30 28 28 29 12 10 11 28 24 24 24 27 27 5 12 3 3 3 3 2 28 2 2 2 2 3 6 6 6 6 6 7 7 7 15 17 7 10 13 13 20 12 13 17 20 26 27 12 13 11 21 9 20 17 20 17 18 12 27 17 15 13 10 17 25 22 29 10 29 27 27 19 30 18 29 15 10 23 29 13 18 9 25 15 30 10 18 30 22 23 15 17 26 29 13 14 13 28 28 27 30 11 23 17 17 13 29 21 17 30 28 29 25 27 22 28 23 23 30 10 30 30 25 29 11 26 13 18 15 20 23 10 13 20 15 29 18 27 27 26 14 
26 30 26 30 21 23 22 19 19 9 15 11 25 7 7 7 27 20 7 7 28 2 28 7 28 19 28 28 7 30 27 28 13 28 28 28 25 24 24 25 26 25 29 16 7 3 19 16 19 3 3 2 2 2 3 3 3 3 2 6 7 5 19 29 19 3 15 21 15 15 19 13 28 28 28 28 28 10 27 10 7 7 6 28 28 5 25 28 6 7 25 28 25 25 14 28 25 18 14 7 6 16 25 19 12 30 13 9 11 14 23 9 22 13 27 15 23 25 17 23 28 17 30 15 15 20 18 26 14 18 22 25 16 14 27 23 14 30 10 19 25 15 28 30 9 27 9 22 30 9 
30 13 15 18 26 17 21 17 16 22 25 26 21 30 14 10 15 16 19 9 28 23 11 26 23 30 27 22 22 9 30 27 27 3 28 25 11 27 15 14 25 17 13 15 19 13 30 23 13 23 30 11 23 30 19 30 11 24 24 24 24 24 9 28 3 3 3 19 3 3 2 2 2 2 2 2 3 28 2 28 11 23 30 17 30 18 26 9 17 26 12 14 13 23 26 13 22 26 18 27 14 7 7 6 2 7 28 7 30 26 26 23 22 29 25 30 20 12 29 9 20 26 11 11 16 16 15 19 30 11 22 19 26 29 19 27 29 10 11 15 18 15 27 30 15 30 27 23 21 29 
11 14 12 29 11 20 18 17 26 10 11 18 15 20 30 21 29 11 25 30 14 26 29 18 14 22 16 21 23 21 27 26 29 29 9 30 15 19 17 18 13 25 9 27 25 24 24 25 26 26 30 25 3 3 3 3 2 6 2 6 2 28 28 2 28 6 7 17 17 16 22 19 15 25 26 17 21 22 9 22 15 21 14 10 15 26 16 23 20 18 18 27 22 26 20 21 19 14 19 23 21 16 12 13 15 10 26 11 15 29 22 29 23 23 11 21 15 13 18 21 17 19 14 29 21 23 21 13 26 11 9 11 19 21 23 25 11 10 26 22 11 14 27 21 14 30 20 17 18 30 
19 23 19 9 18 19 23 17 26 14 23 13 10 16 13 18 14 18 14 28 25 26 21 28 30 27 30 27 29 9 30 29 11 26 19 26 28 18 22 30 7 25 22 25 30 25 11 24 24 27 25 25 25 30 2 3 3 3 3 3 28 2 2 2 2 2 28 6 6 6 6 6 6 6 7 7 7 6 7 6 6 7 10 17 26 26 20 7 10 7 14 18 9 20 26 14 11 12 16 23 13 9 9 17 26 10 23 7 7 26 26 29 26 25 11 11 13 11 28 11 15 13 29 23 25 29 19 10 21 23 23 10 22 11 26 13 30 23 27 18 29 30 13 13 30 17 13 29 27 15 
26 13 7 7 7 7 7 13 7 7 7 6 6 7 7 28 4 6 6 6 6 4 5 6 6 7 6 7 7 6 6 4 6 6 7 7 6 6 6 7 7 7 7 19 30 12 26 11 21 9 28 7 28 7 7 7 28 7 7 28 24 14 24 25 27 24 25 2 3 3 3 3 2 2 3 6 2 3 3 6 6 6 6 6 6 6 6 6 6 6 6 6 6 7 6 7 12 7 7 7 6 6 4 6 6 6 7 7 8 7 12 22 18 12 7 20 13 22 27 11 11 9 9 12 10 7 7 11 30 25 7 7 7 28 28 10 22 25 23 15 22 9 25 19 10 30 9 13 11 15 
21 13 29 13 30 29 30 13 29 29 30 20 27 19 13 29 26 29 19 22 25 26 13 23 21 29 10 27 21 11 29 19 15 26 18 29 16 16 16 16 26 13 10 16 17 17 12 30 23 18 17 25 17 20 27 27 28 20 9 23 21 19 24 2 3 3 3 3 2 2 0 6 0 2 6 2 6 6 6 6 5 7 7 7 12 10 12 26 10 19 30 26 30 18 20 11 17 11 14 13 11 23 27 11 16 22 26 18 11 11 29 26 26 23 17 26 15 15 19 26 15 21 17 23 22 18 27 19 27 27 27 29 27 19 30 29 14 15 11 26 27 13 22 30 18 17 14 30 26 26 
21 17 10 30 18 21 14 17 22 25 18 27 15 22 18 23 30 19 30 23 25 15 13 17 9 20 13 21 26 19 17 16 23 30 9 18 9 18 25 30 23 14 13 13 24 4 20 27 22 9 3 29 18 18 12 15 19 3 29 3 13 23 19 3 12 23 18 16 16 16 10 17 21 12 12 12 12 16 12 15 12 12 15 17 18 11 11 15 14 18 18 14 15 20 30 15 9 21 30 17 27 13 22 17 26 17 13 19 30 26 17 18 27 17 9 15 15 21 29 18 23 14 19 12 15 23 21 11 21 21 10 17 9 13 17 21 30 21 18 26 22 18 22 30 23 25 19 14 23 18 
28 23 16 18 26 17 19 30 27 13 27 23 15 23 11 27 22 9 21 30 18 15 14 21 30 10 30 17 18 26 19 13 30 13 23 13 23 30 14 13 30 18 20 10 30 23 17 15 27 20 13 26 25 28 26 28 28 14 29 25 28 6 2 28 10 28 27 27 23 27 24 25 16 21 21 1 21 27 3 3 3 2 2 2 6 6 6 6 2 6 6 6 6 6 6 28 7 7 7 7 7 7 12 16 16 21 19 29 18 18 30 20 28 14 12 30 18 18 25 9 21 10 16 26 14 25 18 13 13 11 17 25 13 29 12 11 18 26 13 12 20 26 15 29 26 15 23 29 17 13 
27 10 21 11 30 23 20 25 13 15 18 17 10 30 20 19 13 18 27 23 13 9 27 29 26 27 26 17 23 22 30 19 16 11 27 19 18 11 29 10 29 10 16 12 25 27 13 23 9 22 28 6 28 6 6 28 27 3 29 29 30 25 24 24 25 12 26 26 16 7 3 3 3 3 3 3 2 2 0 2 0 3 6 6 6 6 6 6 6 7 15 17 17 15 7 7 7 7 19 10 13 27 27 26 15 27 11 15 9 11 7 12 19 13 18 25 26 17 17 12 22 10 9 11 12 11 23 18 30 12 29 13 13 13 13 25 14 19 30 15 19 30 15 20 11 9 30 29 10 10 
10 23 29 11 29 14 25 17 21 29 17 28 25 30 30 21 13 18 15 30 22 27 29 26 23 21 12 13 23 15 30 10 23 14 29 19 18 26 21 13 29 29 14 29 11 25 29 29 11 26 11 30 29 30 26 24 24 30 21 23 9 16 28 3 3 3 3 3 2 0 0 0 6 2 2 6 6 6 6 6 7 5 6 7 11 17 12 27 19 22 13 17 30 26 12 19 25 19 11 20 17 25 19 19 19 9 9 11 18 23 23 11 25 21 21 30 27 22 22 18 17 17 20 17 9 22 30 25 9 23 22 18 23 19 27 23 29 11 26 29 27 15 23 18 19 22 30 15 13 13 
15 22 26 29 21 27 27 27 11 14 14 11 21 11 15 30 11 30 17 29 15 19 28 2 28 28 27 30 29 17 29 25 23 21 30 28 6 28 28 27 23 28 25 28 27 16 20 14 19 23 17 21 14 13 24 24 24 25 25 19 5 2 3 13 19 19 3 2 2 2 2 2 2 2 2 28 27 15 17 18 30 9 30 26 11 9 22 11 9 29 9 10 16 26 22 21 14 22 25 29 29 30 14 9 26 14 23 21 18 30 15 17 29 29 15 19 27 11 17 21 18 18 29 11 26 15 3 10 19 17 13 17 28 17 10 27 19 9 23 22 17 23 18 22 11 18 11 13 17 30 
26 29 27 14 27 10 29 12 18 11 27 27 22 25 18 15 25 29 21 30 13 26 22 18 19 23 13 11 12 11 18 11 11 22 17 23 19 19 22 30 15 19 20 13 23 13 29 30 13 20 30 20 19 22 17 21 11 26 26 27 24 14 14 14 25 22 24 3 1 2 3 2 2 2 2 3 3 3 2 28 28 26 15 11 17 11 26 15 11 20 17 18 26 12 26 27 11 27 15 16 30 17 27 21 13 20 17 27 17 18 10 23 19 19 22 20 14 22 30 11 19 13 27 29 30 18 14 17 17 23 13 23 21 17 15 26 30 11 18 30 15 25 17 11 17 15 17 30 27 22 
27 14 3 3 3 29 25 26 27 18 30 26 18 30 19 22 30 15 13 19 9 15 30 23 30 18 13 30 23 29 9 30 22 23 27 28 23 13 19 11 25 25 15 26 22 28 27 21 9 9 11 27 22 10 10 11 12 15 10 12 22 2 3 3 27 16 19 3 2 3 2 2 19 2 2 2 28 3 16 19 16 16 16 19 31 23 19 19 31 31 31 31 31 31 23 19 19 31 19 7 27 19 27 30 17 7 8 7 28 28 7 6 6 6 7 6 7 8 7 7 6 6 2 6 6 6 6 6 7 7 6 6 6 28 6 28 28 28 22 16 7 9 19 11 29 30 27 14 15 22 
15 21 30 7 6 6 6 6 6 6 6 6 6 6 6 6 6 6 6 6 6 6 6 6 6 6 6 6 6 6 7 6 2 7 6 2 6 6 6 6 6 6 6 6 6 6 6 6 9 6 6 2 7 6 6 4 24 26 24 4 1 8 2 3 3 3 3 3 3 2 2 2 2 2 2 2 2 6 6 5 5 6 6 6 6 6 6 6 6 6 6 6 7 6 7 6 6 6 6 6 6 6 6 6 6 6 6 2 6 6 6 6 6 6 6 4 19 28 28 28 5 9 7 28 28 17 27 25 25 7 25 28 28 28 28 25 28 2 2 28 28 28 2 2 28 2 3 28 25 28 
13 28 7 7 28 11 22 11 19 11 19 25 11 16 27 27 28 12 16 13 7 9 25 10 28 10 11 27 27 15 26 29 27 30 26 19 13 23 23 23 27 13 26 25 29 26 17 17 18 30 25 26 26 19 17 15 22 13 11 22 16 24 24 24 25 24 23 2 3 11 15 16 13 3 2 2 2 2 2 2 3 2 6 28 7 7 7 10 11 26 22 25 23 9 18 9 18 26 22 21 26 13 17 11 11 15 15 15 15 15 15 15 12 13 30 11 30 18 9 21 13 16 13 9 18 18 18 13 26 26 10 11 19 17 23 15 11 21 27 11 26 26 27 17 21 20 18 21 9 9 
26 22 28 18 14 15 27 13 27 18 11 27 26 9 11 18 14 14 30 17 15 17 17 18 22 30 15 20 30 25 14 20 22 20 16 9 11 15 9 19 10 19 21 25 23 22 15 13 21 11 30 13 18 9 26 26 11 30 30 27 17 30 23 13 21 4 20 24 25 25 26 28 6 3 23 19 19 3 6 6 6 6 6 6 6 6 6 6 6 6 6 6 6 6 6 6 6 7 6 7 7 9 23 14 14 20 14 23 13 30 17 18 15 17 16 22 12 26 26 12 16 21 20 22 12 9 13 30 17 12 14 21 26 23 20 26 30 9 13 18 10 12 25 18 21 9 14 30 29 23 
22 18 26 14 29 30 26 29 19 18 27 9 23 26 25 23 26 18 26 30 26 9 27 9 14 13 18 29 13 23 15 25 18 22 21 30 23 19 22 17 20 23 9 19 16 17 30 10 13 14 23 30 26 25 23 22 18 20 21 24 25 29 21 14 29 17 28 3 3 3 3 3 2 2 2 3 3 3 28 3 3 3 28 17 19 30 30 25 29 27 25 20 29 21 25 13 30 17 16 18 26 14 30 21 14 21 12 20 23 26 21 9 17 22 17 12 10 12 26 14 12 23 19 18 21 14 19 15 30 30 9 30 29 20 15 27 21 22 18 20 26 17 21 26 23 30 20 30 18 26 
30 19 29 13 18 27 12 29 18 9 29 18 12 26 26 13 29 30 25 29 16 20 29 30 14 9 18 13 17 13 12 11 11 25 21 27 20 12 13 25 16 16 16 16 16 16 20 12 12 30 10 26 17 10 9 22 13 18 18 29 24 24 28 21 17 11 5 11 3 3 3 3 2 2 2 2 2 2 2 28 6 6 6 6 6 6 6 7 7 7 7 13 16 17 22 20 20 15 22 17 10 11 13 23 14 21 11 21 16 19 14 21 18 13 18 30 19 14 15 27 30 11 27 20 9 26 17 20 14 15 23 11 25 22 9 30 20 19 13 15 15 26 11 23 11 26 22 13 23 19 
18 27 22 15 17 11 29 14 17 30 10 22 11 27 23 15 17 22 21 29 17 28 27 13 26 25 25 27 30 15 29 14 22 27 19 20 21 9 28 20 13 21 9 16 13 30 21 28 19 26 12 16 16 16 15 27 30 27 29 11 26 24 21 20 14 14 9 2 28 3 19 19 19 3 28 2 3 2 28 3 3 2 28 3 7 28 30 11 15 15 11 13 19 30 11 21 27 27 15 15 13 18 30 27 21 18 29 30 17 11 15 10 12 23 21 17 11 22 29 11 9 9 17 22 18 18 17 18 17 12 10 15 18 10 22 27 27 10 23 14 14 17 11 17 12 23 30 20 18 30 
13 17 29 11 14 13 22 15 21 9 22 30 14 30 18 25 16 26 14 13 9 14 19 18 27 17 18 21 23 18 9 30 25 22 17 15 30 21 17 16 21 19 29 21 9 15 17 21 22 23 29 21 17 26 27 14 26 27 23 22 14 10 19 21 21 11 28 3 3 3 3 2 2 2 2 2 6 2 3 3 28 3 3 3 29 12 15 23 23 9 14 9 9 14 14 8 14 25 20 18 9 26 27 25 21 12 21 23 19 14 23 18 17 18 17 10 26 14 27 21 20 9 18 20 21 21 23 13 11 17 9 9 13 19 30 29 27 18 20 13 14 26 23 13 22 11 19 19 27 23 
13 23 29 7 27 27 30 29 11 15 23 25 12 13 13 13 15 21 21 18 13 20 26 23 13 9 20 22 22 30 22 18 23 26 11 27 21 20 21 11 18 27 14 11 26 23 17 18 18 21 26 12 17 13 23 14 30 22 25 22 21 10 17 26 17 11 12 17 20 21 27 21 20 8 25 23 25 11 2 3 3 3 3 3 2 6 2 2 6 6 6 6 6 7 6 10 9 7 12 12 17 17 18 26 18 27 10 22 23 18 19 10 21 12 14 17 21 17 14 18 26 15 17 17 19 13 22 27 11 17 29 19 13 9 21 9 11 21 30 13 18 19 12 15 17 20 17 11 13 29 
30 22 26 23 13 17 30 18 11 26 22 23 29 25 23 19 23 15 27 23 25 27 23 15 23 30 11 21 20 11 13 21 9 17 13 13 18 11 11 10 27 26 26 19 18 23 14 16 13 16 20 10 20 26 19 30 23 18 11 11 18 30 19 20 28 24 29 23 19 13 9 3 3 19 19 3 3 2 2 2 2 2 2 6 6 6 7 7 28 7 10 10 17 10 16 17 16 13 27 16 22 22 17 18 27 19 13 19 21 22 25 21 13 21 19 26 29 13 29 21 27 16 11 22 14 18 13 17 27 26 15 30 21 23 15 13 13 9 30 22 22 23 21 26 17 14 29 11 18 20 
13 18 27 27 25 9 30 23 17 9 27 14 22 30 26 11 30 20 19 11 17 13 10 11 27 27 19 23 19 18 10 9 11 29 29 19 10 11 19 14 19 10 26 12 30 23 17 29 18 26 26 12 11 27 17 27 26 17 12 17 9 30 13 23 15 15 24 20 24 13 14 25 5 2 3 3 3 3 3 2 2 6 0 2 6 6 6 6 6 6 7 13 16 17 12 16 17 20 11 18 27 21 16 18 9 15 15 25 23 30 18 9 16 14 25 26 16 13 15 15 15 18 14 26 18 20 21 27 14 14 18 26 17 15 25 14 18 14 17 18 26 26 11 29 16 12 26 15 15 13 
14 16 19 20 23 11 20 21 26 14 15 13 13 14 14 30 12 15 11 26 11 20 15 14 19 17 13 11 27 29 10 13 22 21 21 10 17 17 25 21 30 18 26 15 21 27 14 21 21 18 30 23 29 20 23 11 27 9 18 23 23 19 12 27 14 30 17 21 20 25 21 21 21 27 25 3 3 13 19 19 3 2 2 2 2 2 0 0 2 6 6 6 7 7 5 7 7 7 18 27 10 17 17 17 27 19 30 20 11 20 23 9 25 14 21 13 15 20 21 13 27 14 19 12 21 19 11 25 26 18 18 30 9 12 9 18 13 10 11 20 18 13 17 10 14 23 30 21 22 11 
